30 873f77d576-a670-454b-a256-d9b766c31a8f 0 0 68
613a1df1-f751-4829-9026-00e32688281e 0 1 57
77502d2f-c70b-48f4-ae7c-1c1403307a59 0 2 90
4908bfef-4643-443d-b54c-54623f43a752 0 4 56
c51176de-15a8-42b9-b862-0b2644b80a33 0 4 87
f70b40ac-f12a-44b2-9e26-c99e032de03f 0 2 87
a6393220-f334-4efc-b91e-33e5430c4e06 0 3 48
7f634a11-eda9-482a-b996-3006ce3c67b5 0 1 87
046c262b-186e-4543-87da-fb0fcda42860 0 1 55
bbd60074-812d-4498-926f-2dfc136c5878 0 2 57
5ab57ce2-c833-4a16-b692-3c0d4d881119 0 4 76
3744cf4d-cb3f-4872-b33e-25a6f89c09d2 0 2 54
04379b4e-f569-4fe2-8e73-75418bce000c 0 1 54
c6ac62c2-62a2-4e44-9fa2-f97b360c8ac7 0 0 66
8deedaa6-e51a-445f-a576-7c06cda53c50 0 0 60
58755f4c-cf53-402e-9fe5-c34c6a601817 0 3 51
d563608f-e62d-4d00-9316-66db6cfa9447 0 0 65
3370aadb-da8e-41a7-9c43-577fd9839a95 0 4 25
35b50f62-8cdb-4686-bacd-89192939199c 0 0 43
927b3c42-e049-4a20-98d0-918e1fc9644c 0 2 11
f6e6e083-0eba-4e91-99d9-55814ef15d14 0 2 60
05fc2c11-3ecf-4f79-9bcc-ebe0ffe96423 0 3 59
73c54409-248d-46ce-8198-7c6581650474 0 4 44
a2bce4d9-9a20-4b5c-9ba8-1c2be2d10146 0 1 12
1a4b832d-7013-4d91-9fe5-103fa3a3b3d4 0 0 57
9ac01b44-40de-4090-a1bf-35433033b3f8 0 3 38
4bbda52a-a3ab-4265-b3d0-574c6e58975e 0 1 12
d600fd7b-4d73-4be6-a20d-1c25e13ad3ea 0 1 6
eeb61b0f-1d18-471e-927f-f018804214b2 0 1 6
127cbafb-befb-4c89-97d7-d7ba53080ce2 0 3 31
852302a5-72f3-467b-91ad-cd39a122ebd3 0 4 10
b6040eef-b7bc-476c-8f7a-469fcd9d8345 0 0 41
d14535e8-7c4f-43f0-9cea-11083da68a9c 0 0 24
2b05b401-b80c-4325-a825-37f933481531 0 3 26
727b84d1-1c20-415c-8765-68f32d69cedd 0 2 33
bd35eeee-5b74-42bb-960b-9206239f8a98 0 0 11
82f161d4-4df9-4155-9aa9-0aeb469249c2 0 3 30
2fedcd64-8fa0-4565-b826-044eb2e6042d 0 0 3
7bc40310-f84d-4d21-a1d9-a8c0cd9d965e 0 1 11
868b84a8-5ed3-444c-a476-6c4cee589803 0 3 12
3069b72a-f075-4e96-a99f-db0f93d0e5fd 0 3 25
e13cff09-0faa-4f6b-b5ec-13bbb03855b3 0 0 11
e04038eb-233c-4a67-a1a9-474593f0ca84 0 2 6
65881219-f16f-4cb5-b50a-ddbfc3c409ce 0 2 24
bae6d3d2-936d-48cb-a18e-ac120305fff7 0 3 5
ac166622-8452-4a2c-a8e1-e6d6e2644170 0 3 24
93803332-faeb-4cd5-963d-40899ae72562 0 1 4
a2a8e3ac-a9f5-47be-bc0c-c768c83f495d 0 3 18
bf77359e-58f0-479e-abc4-40b3078ba33e 0 3 21
8b53db34-3148-4e2b-a9d9-c719f5e3dbc3 0 0 2
41d015b2-9204-4452-bf01-e3dc07cce83a 0 3 2
5ee60547-324f-430f-9ff4-1c77b3871d8d 0 4 0
f90517b7-914b-4925-90f1-abf10e36de7e 0 2 1
81853e06-0a20-4039-bdc4-da4d46204549 0 4 6
1d15cbf4-189a-4daf-879c-8fb0c4ddf571 0 1 0
766f8e84-358e-4222-abf6-2671d60f8bd8 0 4 3
8be4f1be-edf8-4453-ba28-a72a8276b1c1 0 0 1
0607ad1c-c175-4f28-8e1f-5611e245de39 0 2 3
3aa43ed2-424b-4346-ad2b-f3a56909bafa 1 0 0
8dc31759-c339-4ce8-b29b-250f9b6bcb1e 1 1 91
1a1c5da1-a539-4ee8-855d-00e95b03a966 1 1 84
a37c453f-dfb5-41bb-8004-766953fd55f1 1 1 78
69ac28ab-c56c-43ab-bfce-042ee518a759 1 4 81
379ad72a-ddc1-4e85-9ac5-4dd8d8d9b636 1 1 30
d1284417-b1e0-4662-a0f6-28239756e5b0 1 2 77
dba278b3-4107-4685-8af4-4c37790bf257 1 0 44
c6092055-bcda-4a57-bad2-9baf64ff6557 1 0 77
33890856-1d05-4550-b977-1a470b82ca9c 1 0 68
4c9cac0d-11b2-40e9-b67d-feda0265161c 1 1 66
66718a7a-bec6-4f24-8bd5-ea2eba034ab8 1 2 64
7f3ab825-56a3-4cc3-81b8-212ac61d4148 1 4 78
2ff16181-96f0-4362-a655-bcfc3d2bf6b4 1 2 57
72a2255b-1b3f-41d2-a705-713de3c7b7d6 1 3 70
846a41c4-c6df-4872-b88f-da2c9b76d1f5 1 3 81
793bbbf0-3817-4a3d-a286-44d517bd18db 1 4 51
d9557219-bb82-4100-adca-8aaa29d3aa42 1 2 15
01ba06c1-f2e1-46e6-a864-c134050d64d7 1 4 25
0804b778-72dd-41ba-8bd6-b3b16b885ea4 1 3 7
a41b2a9f-e008-4daf-9a4f-e18fde81aa66 1 1 27
425eebd6-f30a-4e89-ad9b-fdf2dbb6d4a3 1 4 18
239df5d9-a597-470f-bb92-da0413dfe185 1 1 15
2b724448-5479-40f7-aef8-f33eb768cee3 1 4 1
71f606cd-8763-4b28-9f91-f8b5a045f082 1 1 10
206003cc-ec59-4056-ae0b-500ed7ff1cc7 1 2 9
ed6b1116-df31-41f7-85f4-0eed477440bc 1 1 0
459f8005-79f9-4d13-92ad-e8ff164816eb 1 2 0
6ab1a995-ef21-48d7-b864-3cdb123f73d9 1 3 3